Epoch 4:
Class                  | AP@0.5   | AP@1.0   | AP@2.0   | AP@4.0   | mAP     
--------------------------------------------------------------------------------
barrier                | 0.1177   | 0.3463   | 0.4732   | 0.5255   | 0.3657
bicycle                | 0.0932   | 0.1068   | 0.1080   | 0.1112   | 0.1048
bus                    | 0.1127   | 0.3112   | 0.4564   | 0.5013   | 0.3454
car                    | 0.5003   | 0.7168   | 0.7774   | 0.8082   | 0.7007
construction_vehicle   | 0.0000   | 0.0122   | 0.0629   | 0.0991   | 0.0435
motorcycle             | 0.2087   | 0.3105   | 0.3248   | 0.3312   | 0.2938
pedestrian             | 0.5698   | 0.6892   | 0.7318   | 0.7585   | 0.6873
traffic_cone           | 0.3575   | 0.4234   | 0.4571   | 0.5084   | 0.4366
trailer                | 0.0000   | 0.0414   | 0.1287   | 0.1962   | 0.0916
truck                  | 0.1176   | 0.2625   | 0.3278   | 0.3666   | 0.2686
--------------------------------------------------------------------------------
OVERALL mAP                                                        | 0.3338

Epoch 5:
Class                  | AP@0.5   | AP@1.0   | AP@2.0   | AP@4.0   | mAP     
--------------------------------------------------------------------------------
barrier                | 0.1567   | 0.4130   | 0.5246   | 0.5677   | 0.4155
bicycle                | 0.1178   | 0.1359   | 0.1366   | 0.1390   | 0.1323
bus                    | 0.1206   | 0.3835   | 0.5368   | 0.5732   | 0.4035
car                    | 0.5018   | 0.7610   | 0.8200   | 0.8450   | 0.7319
construction_vehicle   | 0.0000   | 0.0079   | 0.0503   | 0.0810   | 0.0348
motorcycle             | 0.2054   | 0.3466   | 0.3646   | 0.3675   | 0.3210
pedestrian             | 0.5460   | 0.7011   | 0.7475   | 0.7736   | 0.6921
traffic_cone           | 0.3731   | 0.4505   | 0.4844   | 0.5321   | 0.4600
trailer                | 0.0084   | 0.0966   | 0.1837   | 0.2599   | 0.1371
truck                  | 0.1508   | 0.3498   | 0.4321   | 0.4705   | 0.3508
--------------------------------------------------------------------------------
OVERALL mAP                                                        | 0.3679

Epoch 7:
Class                  | AP@0.5   | AP@1.0   | AP@2.0   | AP@4.0   | mAP     
--------------------------------------------------------------------------------
barrier                | 0.3018   | 0.5275   | 0.6296   | 0.6663   | 0.5313
bicycle                | 0.1524   | 0.1710   | 0.1714   | 0.1729   | 0.1669
bus                    | 0.1791   | 0.4903   | 0.6464   | 0.7086   | 0.5061
car                    | 0.5438   | 0.7918   | 0.8438   | 0.8645   | 0.7610
construction_vehicle   | 0.0002   | 0.0376   | 0.1331   | 0.2265   | 0.0993
motorcycle             | 0.3009   | 0.4280   | 0.4459   | 0.4517   | 0.4066
pedestrian             | 0.6329   | 0.7401   | 0.7797   | 0.8012   | 0.7385
traffic_cone           | 0.4489   | 0.5015   | 0.5348   | 0.5828   | 0.5170
trailer                | 0.0297   | 0.1624   | 0.2901   | 0.3607   | 0.2107
truck                  | 0.1745   | 0.4412   | 0.5340   | 0.5746   | 0.4311
--------------------------------------------------------------------------------
OVERALL mAP                                                        | 0.4369


Epoch 8:
Class                  | AP@0.5   | AP@1.0   | AP@2.0   | AP@4.0   | mAP     
--------------------------------------------------------------------------------
barrier                | 0.1845   | 0.5093   | 0.6232   | 0.6664   | 0.4959
bicycle                | 0.1539   | 0.2603   | 0.2674   | 0.2709   | 0.2381
bus                    | 0.1254   | 0.4604   | 0.6650   | 0.7043   | 0.4888
car                    | 0.4248   | 0.7725   | 0.8266   | 0.8487   | 0.7182
construction_vehicle   | 0.0000   | 0.0570   | 0.1918   | 0.2678   | 0.1291
motorcycle             | 0.2267   | 0.4284   | 0.4542   | 0.4702   | 0.3949
pedestrian             | 0.4155   | 0.6992   | 0.7612   | 0.7834   | 0.6648
traffic_cone           | 0.3118   | 0.4959   | 0.5587   | 0.6112   | 0.4944
trailer                | 0.0154   | 0.1578   | 0.3008   | 0.3771   | 0.2128
truck                  | 0.1166   | 0.4067   | 0.5119   | 0.5505   | 0.3964
--------------------------------------------------------------------------------
OVERALL mAP                                                        | 0.4233

Epoch 9:
Class                  | AP@0.5   | AP@1.0   | AP@2.0   | AP@4.0   | mAP     
--------------------------------------------------------------------------------
barrier                | 0.1739   | 0.5062   | 0.6020   | 0.6372   | 0.4798
bicycle                | 0.0696   | 0.2115   | 0.2169   | 0.2191   | 0.1793
bus                    | 0.0248   | 0.3765   | 0.6926   | 0.7419   | 0.4590
car                    | 0.2056   | 0.7294   | 0.8478   | 0.8716   | 0.6636
construction_vehicle   | 0.0000   | 0.0247   | 0.1890   | 0.2713   | 0.1212
motorcycle             | 0.1101   | 0.4019   | 0.4423   | 0.4523   | 0.3517
pedestrian             | 0.2429   | 0.7213   | 0.7893   | 0.8111   | 0.6411
traffic_cone           | 0.3121   | 0.5467   | 0.5814   | 0.6277   | 0.5170
trailer                | 0.0070   | 0.1721   | 0.3673   | 0.4426   | 0.2472
truck                  | 0.0364   | 0.3416   | 0.5462   | 0.5873   | 0.3779
--------------------------------------------------------------------------------
OVERALL mAP                                                        | 0.4038

Epoch 10:
Class                  | AP@0.5   | AP@1.0   | AP@2.0   | AP@4.0   | mAP     
--------------------------------------------------------------------------------
barrier                | 0.3503   | 0.5488   | 0.6207   | 0.6488   | 0.5422
bicycle                | 0.2080   | 0.2442   | 0.2446   | 0.2466   | 0.2359
bus                    | 0.2145   | 0.5616   | 0.7111   | 0.7447   | 0.5580
car                    | 0.5946   | 0.8113   | 0.8573   | 0.8761   | 0.7848
construction_vehicle   | 0.0011   | 0.0526   | 0.1663   | 0.2384   | 0.1146
motorcycle             | 0.3356   | 0.4708   | 0.4889   | 0.4954   | 0.4477
pedestrian             | 0.6484   | 0.7733   | 0.8041   | 0.8222   | 0.7620
traffic_cone           | 0.4754   | 0.5310   | 0.5595   | 0.6027   | 0.5422
trailer                | 0.0336   | 0.1992   | 0.3721   | 0.4478   | 0.2632
truck                  | 0.2310   | 0.4581   | 0.5740   | 0.6138   | 0.4692
--------------------------------------------------------------------------------
OVERALL mAP                                                        | 0.4720

Epoch 11:
--------------------------------------------------------------------------------
barrier                | 0.1872   | 0.4654   | 0.5980   | 0.6477   | 0.4746
bicycle                | 0.0817   | 0.2232   | 0.2715   | 0.2826   | 0.2147
bus                    | 0.0385   | 0.3074   | 0.5555   | 0.6772   | 0.3947
car                    | 0.2105   | 0.6140   | 0.7914   | 0.8330   | 0.6122
construction_vehicle   | 0.0000   | 0.0199   | 0.1639   | 0.2232   | 0.1018
motorcycle             | 0.1662   | 0.4310   | 0.4963   | 0.5194   | 0.4032
pedestrian             | 0.3231   | 0.6416   | 0.7549   | 0.7874   | 0.6267
traffic_cone           | 0.1672   | 0.4210   | 0.5446   | 0.6171   | 0.4375
trailer                | 0.0008   | 0.0585   | 0.2378   | 0.3503   | 0.1618
truck                  | 0.0358   | 0.2199   | 0.4167   | 0.5213   | 0.2984
--------------------------------------------------------------------------------
OVERALL mAP                                                        | 0.3726

Epoch 12:
Class                  | AP@0.5   | AP@1.0   | AP@2.0   | AP@4.0   | mAP     
--------------------------------------------------------------------------------
barrier                | 0.4514   | 0.6038   | 0.6638   | 0.6867   | 0.6014
bicycle                | 0.2512   | 0.2616   | 0.2621   | 0.2646   | 0.2599
bus                    | 0.2909   | 0.6108   | 0.7648   | 0.7959   | 0.6156
car                    | 0.7129   | 0.8392   | 0.8747   | 0.8929   | 0.8299
construction_vehicle   | 0.0016   | 0.0539   | 0.1865   | 0.2777   | 0.1299
motorcycle             | 0.4434   | 0.5543   | 0.5687   | 0.5789   | 0.5363
pedestrian             | 0.7490   | 0.8047   | 0.8267   | 0.8435   | 0.8060
traffic_cone           | 0.5581   | 0.5923   | 0.6216   | 0.6592   | 0.6078
trailer                | 0.0636   | 0.2366   | 0.3906   | 0.5055   | 0.2991
truck                  | 0.3144   | 0.5129   | 0.6117   | 0.6488   | 0.5220
--------------------------------------------------------------------------------
OVERALL mAP                                                        | 0.5208

Epoch 18:
Class                  | AP@0.5   | AP@1.0   | AP@2.0   | AP@4.0   | mAP     
--------------------------------------------------------------------------------
barrier                | 0.5289   | 0.6448   | 0.6979   | 0.7161   | 0.6469
bicycle                | 0.4746   | 0.5080   | 0.5117   | 0.5184   | 0.5032
bus                    | 0.4878   | 0.7063   | 0.8201   | 0.8432   | 0.7144
car                    | 0.7722   | 0.8717   | 0.9030   | 0.9163   | 0.8658
construction_vehicle   | 0.0043   | 0.1357   | 0.3095   | 0.4022   | 0.2129
motorcycle             | 0.5722   | 0.7154   | 0.7358   | 0.7466   | 0.6925
pedestrian             | 0.8085   | 0.8422   | 0.8591   | 0.8710   | 0.8452
traffic_cone           | 0.6703   | 0.6995   | 0.7226   | 0.7586   | 0.7127
trailer                | 0.1098   | 0.3281   | 0.5538   | 0.6335   | 0.4063
truck                  | 0.3824   | 0.5655   | 0.6723   | 0.7054   | 0.5814
--------------------------------------------------------------------------------
OVERALL mAP                                                        | 0.6181