Epoch 2:
Class                  | AP@0.5   | AP@1.0   | AP@2.0   | AP@4.0   | mAP     
--------------------------------------------------------------------------------
barrier                | 0.0000   | 0.0158   | 0.1983   | 0.3995   | 0.1534
bicycle                | 0.0000   | 0.0000   | 0.0038   | 0.0189   | 0.0057
bus                    | 0.0000   | 0.0000   | 0.0000   | 0.0009   | 0.0002
car                    | 0.0000   | 0.0026   | 0.0980   | 0.2218   | 0.0806
construction_vehicle   | 0.0000   | 0.0000   | 0.0000   | 0.0008   | 0.0002
motorcycle             | 0.0000   | 0.0000   | 0.0181   | 0.0742   | 0.0231
pedestrian             | 0.0000   | 0.0026   | 0.0985   | 0.2824   | 0.0959
traffic_cone           | 0.0000   | 0.0115   | 0.2097   | 0.4453   | 0.1666
trailer                | 0.0000   | 0.0000   | 0.0017   | 0.0141   | 0.0039
truck                  | 0.0000   | 0.0000   | 0.0028   | 0.0265   | 0.0073
--------------------------------------------------------------------------------
OVERALL mAP                                                        | 0.0537

Epoch 3:
Class                  | AP@0.5   | AP@1.0   | AP@2.0   | AP@4.0   | mAP     
--------------------------------------------------------------------------------
barrier                | 0.0000   | 0.1285   | 0.3422   | 0.4653   | 0.2340
bicycle                | 0.0000   | 0.0287   | 0.1146   | 0.1669   | 0.0775
bus                    | 0.0000   | 0.0003   | 0.0280   | 0.0583   | 0.0216
car                    | 0.0000   | 0.0384   | 0.2427   | 0.3839   | 0.1663
construction_vehicle   | 0.0000   | 0.0000   | 0.0050   | 0.0241   | 0.0073
motorcycle             | 0.0000   | 0.0133   | 0.1112   | 0.1985   | 0.0808
pedestrian             | 0.0001   | 0.0741   | 0.2646   | 0.4201   | 0.1897
traffic_cone           | 0.0019   | 0.1509   | 0.4134   | 0.5551   | 0.2803
trailer                | 0.0000   | 0.0000   | 0.0172   | 0.0690   | 0.0215
truck                  | 0.0000   | 0.0024   | 0.0560   | 0.1181   | 0.0441
--------------------------------------------------------------------------------
OVERALL mAP                                                        | 0.1123

Epoch 4
Class                  | AP@0.5   | AP@1.0   | AP@2.0   | AP@4.0   | mAP     
--------------------------------------------------------------------------------
barrier                | 0.0007   | 0.1636   | 0.4106   | 0.5277   | 0.2756
bicycle                | 0.0001   | 0.0674   | 0.1803   | 0.2475   | 0.1238
bus                    | 0.0000   | 0.0148   | 0.0722   | 0.1636   | 0.0626
car                    | 0.0011   | 0.1091   | 0.3330   | 0.4591   | 0.2256
construction_vehicle   | 0.0000   | 0.0000   | 0.0108   | 0.0390   | 0.0124
motorcycle             | 0.0000   | 0.0367   | 0.1677   | 0.2705   | 0.1187
pedestrian             | 0.0042   | 0.1178   | 0.3219   | 0.4724   | 0.2291
traffic_cone           | 0.0050   | 0.2216   | 0.4587   | 0.5761   | 0.3154
trailer                | 0.0000   | 0.0000   | 0.0265   | 0.0843   | 0.0277
truck                  | 0.0000   | 0.0119   | 0.0948   | 0.1824   | 0.0723
--------------------------------------------------------------------------------
OVERALL mAP                                                        | 0.1463

Epoch 10:
Class                  | AP@0.5   | AP@1.0   | AP@2.0   | AP@4.0   | mAP     
--------------------------------------------------------------------------------
barrier                | 0.0245   | 0.2974   | 0.5497   | 0.6415   | 0.3783
bicycle                | 0.0172   | 0.1677   | 0.3308   | 0.4278   | 0.2359
bus                    | 0.0033   | 0.1110   | 0.3209   | 0.4809   | 0.2290
car                    | 0.0682   | 0.3103   | 0.5659   | 0.6821   | 0.4066
construction_vehicle   | 0.0000   | 0.0011   | 0.0545   | 0.1098   | 0.0413
motorcycle             | 0.0148   | 0.1533   | 0.3641   | 0.4671   | 0.2498
pedestrian             | 0.0436   | 0.2568   | 0.4809   | 0.6191   | 0.3501
traffic_cone           | 0.0971   | 0.3970   | 0.6290   | 0.7194   | 0.4606
trailer                | 0.0000   | 0.0022   | 0.0806   | 0.2420   | 0.0812
truck                  | 0.0058   | 0.1049   | 0.2761   | 0.3874   | 0.1935
--------------------------------------------------------------------------------
OVERALL mAP                                                        | 0.2626

Epoch 12:
Class                  | AP@0.5   | AP@1.0   | AP@2.0   | AP@4.0   | mAP     
--------------------------------------------------------------------------------
barrier                | 0.0453   | 0.3379   | 0.5716   | 0.6530   | 0.4020
bicycle                | 0.0359   | 0.1769   | 0.3248   | 0.4352   | 0.2432
bus                    | 0.0095   | 0.1199   | 0.3834   | 0.5390   | 0.2630
car                    | 0.1115   | 0.3678   | 0.5996   | 0.7072   | 0.4465
construction_vehicle   | 0.0000   | 0.0027   | 0.0419   | 0.1461   | 0.0477
motorcycle             | 0.0256   | 0.1963   | 0.3846   | 0.4835   | 0.2725
pedestrian             | 0.0594   | 0.2835   | 0.5060   | 0.6428   | 0.3729
traffic_cone           | 0.1244   | 0.4260   | 0.6455   | 0.7287   | 0.4811
trailer                | 0.0000   | 0.0049   | 0.0963   | 0.2519   | 0.0883
truck                  | 0.0088   | 0.1183   | 0.2856   | 0.3917   | 0.2011
--------------------------------------------------------------------------------
OVERALL mAP                                                        | 0.2818