Class                  | AP@0.5   | AP@1.0   | AP@2.0   | AP@4.0   | mAP     
--------------------------------------------------------------------------------
barrier                | 0.5665   | 0.6766   | 0.7305   | 0.7469   | 0.6801
bicycle                | 0.5780   | 0.6344   | 0.6420   | 0.6528   | 0.6268
bus                    | 0.4548   | 0.7080   | 0.8470   | 0.8714   | 0.7203
car                    | 0.7883   | 0.8856   | 0.9168   | 0.9285   | 0.8798
construction_vehicle   | 0.0086   | 0.1695   | 0.3872   | 0.4781   | 0.2609
motorcycle             | 0.6454   | 0.7948   | 0.8182   | 0.8268   | 0.7713
pedestrian             | 0.8327   | 0.8646   | 0.8807   | 0.8940   | 0.8680
traffic_cone           | 0.7378   | 0.7686   | 0.7965   | 0.8258   | 0.7822
trailer                | 0.1166   | 0.3666   | 0.5746   | 0.6593   | 0.4293
truck                  | 0.3876   | 0.5951   | 0.7009   | 0.7384   | 0.6055
--------------------------------------------------------------------------------
OVERALL mAP                                                        | 0.6624