161992
160336
161994
160355
161996
160390
161998
160410
162000
160428
162002
160476
162004
160493
162006
160512
162008
160528
162010
160564
162012
160580
162014
160600
162016
160618
162018
160637
162020
160656
162022
160690
162024
160709
162026
160729
162028
160763
162030
160780
162032
160798
162034
160816
162036
160847
162038
160865
162040
160886
162042
160919
162044
160938
162046
160972
162048
160990
162050
161010
162052
161027
162054
161043
162056
161089
162058
161138
162060
161155
162062
161172
162064
161204
162066
161222
162068
161253
162070
161271
162072
161288
162074
161306
162076
161322
162078
161338
162080
161355
162082
161401
162084
161418
162086
161436
162088
161453
162090
161472
162092
161488
162094
161505
162096
161537
162098
161556
162100
161589
162102
161620
162104
161636
162106
161667
162108
161684
162110
161715
162112
161747
162114
161783
162116
161815
162118
161847
162120
161879
162122
161896
162124
161912
162126
161929
162128
161945
162130
161975
